{
 "cells": [
  {
   "cell_type": "code",
   "execution_count": 216,
   "metadata": {
    "collapsed": true
   },
   "outputs": [],
   "source": [
    "%matplotlib inline\n",
    "import pandas as pd\n",
    "import numpy as np\n",
    "import seaborn as sns\n",
    "color = sns.color_palette()\n",
    "from matplotlib import pyplot as plt\n",
    "\n",
    "from sklearn.preprocessing import StandardScaler"
   ]
  },
  {
   "cell_type": "markdown",
   "metadata": {},
   "source": [
    "https://www.kaggle.com/c/bike-sharing-demand/data\n",
    "\n",
    "```\n",
    "datetime - hourly date + timestamp  \n",
    "season - \n",
    "    1 = spring, \n",
    "    2 = summer, \n",
    "    3 = fall, \n",
    "    4 = winter \n",
    "holiday - whether the day is considered a holiday\n",
    "workingday - whether the day is neither a weekend nor holiday\n",
    "weather - \n",
    "    1: Clear, Few clouds, Partly cloudy, Partly cloudy \n",
    "    2: Mist + Cloudy, Mist + Broken clouds, Mist + Few clouds, Mist \n",
    "    3: Light Snow, Light Rain + Thunderstorm + Scattered clouds, Light Rain + Scattered clouds \n",
    "    4: Heavy Rain + Ice Pallets + Thunderstorm + Mist, Snow + Fog \n",
    "temp - temperature in Celsius\n",
    "atemp - \"feels like\" temperature in Celsius\n",
    "humidity - relative humidity\n",
    "windspeed - wind speed\n",
    "casual - number of non-registered user rentals initiated\n",
    "registered - number of registered user rentals initiated\n",
    "count - number of total rentals\n",
    "```"
   ]
  },
  {
   "cell_type": "code",
   "execution_count": 207,
   "metadata": {
    "collapsed": false
   },
   "outputs": [
    {
     "data": {
      "text/html": [
       "<div>\n",
       "<table border=\"1\" class=\"dataframe\">\n",
       "  <thead>\n",
       "    <tr style=\"text-align: right;\">\n",
       "      <th></th>\n",
       "      <th>datetime</th>\n",
       "      <th>season</th>\n",
       "      <th>holiday</th>\n",
       "      <th>workingday</th>\n",
       "      <th>weather</th>\n",
       "      <th>temp</th>\n",
       "      <th>atemp</th>\n",
       "      <th>humidity</th>\n",
       "      <th>windspeed</th>\n",
       "      <th>casual</th>\n",
       "      <th>registered</th>\n",
       "      <th>count</th>\n",
       "    </tr>\n",
       "  </thead>\n",
       "  <tbody>\n",
       "    <tr>\n",
       "      <th>0</th>\n",
       "      <td>2011-01-01 00:00:00</td>\n",
       "      <td>1</td>\n",
       "      <td>0</td>\n",
       "      <td>0</td>\n",
       "      <td>1</td>\n",
       "      <td>9.84</td>\n",
       "      <td>14.395</td>\n",
       "      <td>81</td>\n",
       "      <td>0.0</td>\n",
       "      <td>3</td>\n",
       "      <td>13</td>\n",
       "      <td>16</td>\n",
       "    </tr>\n",
       "    <tr>\n",
       "      <th>1</th>\n",
       "      <td>2011-01-01 01:00:00</td>\n",
       "      <td>1</td>\n",
       "      <td>0</td>\n",
       "      <td>0</td>\n",
       "      <td>1</td>\n",
       "      <td>9.02</td>\n",
       "      <td>13.635</td>\n",
       "      <td>80</td>\n",
       "      <td>0.0</td>\n",
       "      <td>8</td>\n",
       "      <td>32</td>\n",
       "      <td>40</td>\n",
       "    </tr>\n",
       "    <tr>\n",
       "      <th>2</th>\n",
       "      <td>2011-01-01 02:00:00</td>\n",
       "      <td>1</td>\n",
       "      <td>0</td>\n",
       "      <td>0</td>\n",
       "      <td>1</td>\n",
       "      <td>9.02</td>\n",
       "      <td>13.635</td>\n",
       "      <td>80</td>\n",
       "      <td>0.0</td>\n",
       "      <td>5</td>\n",
       "      <td>27</td>\n",
       "      <td>32</td>\n",
       "    </tr>\n",
       "    <tr>\n",
       "      <th>3</th>\n",
       "      <td>2011-01-01 03:00:00</td>\n",
       "      <td>1</td>\n",
       "      <td>0</td>\n",
       "      <td>0</td>\n",
       "      <td>1</td>\n",
       "      <td>9.84</td>\n",
       "      <td>14.395</td>\n",
       "      <td>75</td>\n",
       "      <td>0.0</td>\n",
       "      <td>3</td>\n",
       "      <td>10</td>\n",
       "      <td>13</td>\n",
       "    </tr>\n",
       "    <tr>\n",
       "      <th>4</th>\n",
       "      <td>2011-01-01 04:00:00</td>\n",
       "      <td>1</td>\n",
       "      <td>0</td>\n",
       "      <td>0</td>\n",
       "      <td>1</td>\n",
       "      <td>9.84</td>\n",
       "      <td>14.395</td>\n",
       "      <td>75</td>\n",
       "      <td>0.0</td>\n",
       "      <td>0</td>\n",
       "      <td>1</td>\n",
       "      <td>1</td>\n",
       "    </tr>\n",
       "  </tbody>\n",
       "</table>\n",
       "</div>"
      ],
      "text/plain": [
       "             datetime  season  holiday  workingday  weather  temp   atemp  \\\n",
       "0 2011-01-01 00:00:00       1        0           0        1  9.84  14.395   \n",
       "1 2011-01-01 01:00:00       1        0           0        1  9.02  13.635   \n",
       "2 2011-01-01 02:00:00       1        0           0        1  9.02  13.635   \n",
       "3 2011-01-01 03:00:00       1        0           0        1  9.84  14.395   \n",
       "4 2011-01-01 04:00:00       1        0           0        1  9.84  14.395   \n",
       "\n",
       "   humidity  windspeed  casual  registered  count  \n",
       "0        81        0.0       3          13     16  \n",
       "1        80        0.0       8          32     40  \n",
       "2        80        0.0       5          27     32  \n",
       "3        75        0.0       3          10     13  \n",
       "4        75        0.0       0           1      1  "
      ]
     },
     "execution_count": 207,
     "metadata": {},
     "output_type": "execute_result"
    }
   ],
   "source": [
    "train = pd.read_csv('data/train.csv.gz', compression='gzip')\n",
    "train.datetime = pd.to_datetime(train.datetime)\n",
    "train.head()"
   ]
  },
  {
   "cell_type": "code",
   "execution_count": 208,
   "metadata": {
    "collapsed": false
   },
   "outputs": [
    {
     "data": {
      "text/html": [
       "<div>\n",
       "<table border=\"1\" class=\"dataframe\">\n",
       "  <thead>\n",
       "    <tr style=\"text-align: right;\">\n",
       "      <th></th>\n",
       "      <th>datetime</th>\n",
       "      <th>season</th>\n",
       "      <th>holiday</th>\n",
       "      <th>workingday</th>\n",
       "      <th>weather</th>\n",
       "      <th>temp</th>\n",
       "      <th>atemp</th>\n",
       "      <th>humidity</th>\n",
       "      <th>windspeed</th>\n",
       "      <th>casual</th>\n",
       "      <th>registered</th>\n",
       "      <th>count</th>\n",
       "      <th>hour</th>\n",
       "      <th>day</th>\n",
       "      <th>month</th>\n",
       "      <th>year</th>\n",
       "      <th>weekday</th>\n",
       "    </tr>\n",
       "  </thead>\n",
       "  <tbody>\n",
       "    <tr>\n",
       "      <th>0</th>\n",
       "      <td>2011-01-01 00:00:00</td>\n",
       "      <td>1</td>\n",
       "      <td>0</td>\n",
       "      <td>0</td>\n",
       "      <td>1</td>\n",
       "      <td>9.84</td>\n",
       "      <td>14.395</td>\n",
       "      <td>81</td>\n",
       "      <td>0.0</td>\n",
       "      <td>3</td>\n",
       "      <td>13</td>\n",
       "      <td>16</td>\n",
       "      <td>0</td>\n",
       "      <td>1</td>\n",
       "      <td>1</td>\n",
       "      <td>2011</td>\n",
       "      <td>5</td>\n",
       "    </tr>\n",
       "    <tr>\n",
       "      <th>1</th>\n",
       "      <td>2011-01-01 01:00:00</td>\n",
       "      <td>1</td>\n",
       "      <td>0</td>\n",
       "      <td>0</td>\n",
       "      <td>1</td>\n",
       "      <td>9.02</td>\n",
       "      <td>13.635</td>\n",
       "      <td>80</td>\n",
       "      <td>0.0</td>\n",
       "      <td>8</td>\n",
       "      <td>32</td>\n",
       "      <td>40</td>\n",
       "      <td>1</td>\n",
       "      <td>1</td>\n",
       "      <td>1</td>\n",
       "      <td>2011</td>\n",
       "      <td>5</td>\n",
       "    </tr>\n",
       "    <tr>\n",
       "      <th>2</th>\n",
       "      <td>2011-01-01 02:00:00</td>\n",
       "      <td>1</td>\n",
       "      <td>0</td>\n",
       "      <td>0</td>\n",
       "      <td>1</td>\n",
       "      <td>9.02</td>\n",
       "      <td>13.635</td>\n",
       "      <td>80</td>\n",
       "      <td>0.0</td>\n",
       "      <td>5</td>\n",
       "      <td>27</td>\n",
       "      <td>32</td>\n",
       "      <td>2</td>\n",
       "      <td>1</td>\n",
       "      <td>1</td>\n",
       "      <td>2011</td>\n",
       "      <td>5</td>\n",
       "    </tr>\n",
       "    <tr>\n",
       "      <th>3</th>\n",
       "      <td>2011-01-01 03:00:00</td>\n",
       "      <td>1</td>\n",
       "      <td>0</td>\n",
       "      <td>0</td>\n",
       "      <td>1</td>\n",
       "      <td>9.84</td>\n",
       "      <td>14.395</td>\n",
       "      <td>75</td>\n",
       "      <td>0.0</td>\n",
       "      <td>3</td>\n",
       "      <td>10</td>\n",
       "      <td>13</td>\n",
       "      <td>3</td>\n",
       "      <td>1</td>\n",
       "      <td>1</td>\n",
       "      <td>2011</td>\n",
       "      <td>5</td>\n",
       "    </tr>\n",
       "    <tr>\n",
       "      <th>4</th>\n",
       "      <td>2011-01-01 04:00:00</td>\n",
       "      <td>1</td>\n",
       "      <td>0</td>\n",
       "      <td>0</td>\n",
       "      <td>1</td>\n",
       "      <td>9.84</td>\n",
       "      <td>14.395</td>\n",
       "      <td>75</td>\n",
       "      <td>0.0</td>\n",
       "      <td>0</td>\n",
       "      <td>1</td>\n",
       "      <td>1</td>\n",
       "      <td>4</td>\n",
       "      <td>1</td>\n",
       "      <td>1</td>\n",
       "      <td>2011</td>\n",
       "      <td>5</td>\n",
       "    </tr>\n",
       "  </tbody>\n",
       "</table>\n",
       "</div>"
      ],
      "text/plain": [
       "             datetime  season  holiday  workingday  weather  temp   atemp  \\\n",
       "0 2011-01-01 00:00:00       1        0           0        1  9.84  14.395   \n",
       "1 2011-01-01 01:00:00       1        0           0        1  9.02  13.635   \n",
       "2 2011-01-01 02:00:00       1        0           0        1  9.02  13.635   \n",
       "3 2011-01-01 03:00:00       1        0           0        1  9.84  14.395   \n",
       "4 2011-01-01 04:00:00       1        0           0        1  9.84  14.395   \n",
       "\n",
       "   humidity  windspeed  casual  registered  count  hour  day  month  year  \\\n",
       "0        81        0.0       3          13     16     0    1      1  2011   \n",
       "1        80        0.0       8          32     40     1    1      1  2011   \n",
       "2        80        0.0       5          27     32     2    1      1  2011   \n",
       "3        75        0.0       3          10     13     3    1      1  2011   \n",
       "4        75        0.0       0           1      1     4    1      1  2011   \n",
       "\n",
       "   weekday  \n",
       "0        5  \n",
       "1        5  \n",
       "2        5  \n",
       "3        5  \n",
       "4        5  "
      ]
     },
     "execution_count": 208,
     "metadata": {},
     "output_type": "execute_result"
    }
   ],
   "source": [
    "train['hour'] = train['datetime'].apply(lambda row: row.hour)\n",
    "train['day'] = train['datetime'].apply(lambda row: row.day)\n",
    "train['month'] = train['datetime'].apply(lambda row: row.month)\n",
    "train['year'] = train['datetime'].apply(lambda row: row.year)\n",
    "train['weekday'] = train['datetime'].apply(lambda row: row.weekday())\n",
    "train.head()"
   ]
  },
  {
   "cell_type": "code",
   "execution_count": 178,
   "metadata": {
    "collapsed": false
   },
   "outputs": [
    {
     "name": "stdout",
     "output_type": "stream",
     "text": [
      "<class 'pandas.core.frame.DataFrame'>\n",
      "RangeIndex: 10886 entries, 0 to 10885\n",
      "Data columns (total 17 columns):\n",
      "datetime      10886 non-null datetime64[ns]\n",
      "season        10886 non-null int64\n",
      "holiday       10886 non-null int64\n",
      "workingday    10886 non-null int64\n",
      "weather       10886 non-null int64\n",
      "temp          10886 non-null float64\n",
      "atemp         10886 non-null float64\n",
      "humidity      10886 non-null int64\n",
      "windspeed     10886 non-null float64\n",
      "casual        10886 non-null int64\n",
      "registered    10886 non-null int64\n",
      "count         10886 non-null int64\n",
      "hour          10886 non-null int64\n",
      "day           10886 non-null int64\n",
      "month         10886 non-null int64\n",
      "year          10886 non-null int64\n",
      "weekday       10886 non-null int64\n",
      "dtypes: datetime64[ns](1), float64(3), int64(13)\n",
      "memory usage: 1.4 MB\n"
     ]
    }
   ],
   "source": [
    "train.info()"
   ]
  },
  {
   "cell_type": "code",
   "execution_count": 179,
   "metadata": {
    "collapsed": false
   },
   "outputs": [
    {
     "data": {
      "text/html": [
       "<div>\n",
       "<table border=\"1\" class=\"dataframe\">\n",
       "  <thead>\n",
       "    <tr style=\"text-align: right;\">\n",
       "      <th></th>\n",
       "      <th>season</th>\n",
       "      <th>holiday</th>\n",
       "      <th>workingday</th>\n",
       "      <th>weather</th>\n",
       "      <th>temp</th>\n",
       "      <th>atemp</th>\n",
       "      <th>humidity</th>\n",
       "      <th>windspeed</th>\n",
       "      <th>casual</th>\n",
       "      <th>registered</th>\n",
       "      <th>count</th>\n",
       "      <th>hour</th>\n",
       "      <th>day</th>\n",
       "      <th>month</th>\n",
       "      <th>year</th>\n",
       "      <th>weekday</th>\n",
       "    </tr>\n",
       "  </thead>\n",
       "  <tbody>\n",
       "    <tr>\n",
       "      <th>season</th>\n",
       "      <td>1.000000</td>\n",
       "      <td>0.029368</td>\n",
       "      <td>-0.008126</td>\n",
       "      <td>0.008879</td>\n",
       "      <td>0.258689</td>\n",
       "      <td>0.264744</td>\n",
       "      <td>0.190610</td>\n",
       "      <td>-0.147121</td>\n",
       "      <td>0.096758</td>\n",
       "      <td>0.164011</td>\n",
       "      <td>0.163439</td>\n",
       "      <td>-0.006546</td>\n",
       "      <td>0.001729</td>\n",
       "      <td>0.971524</td>\n",
       "      <td>-0.004797</td>\n",
       "      <td>-0.010553</td>\n",
       "    </tr>\n",
       "    <tr>\n",
       "      <th>holiday</th>\n",
       "      <td>0.029368</td>\n",
       "      <td>1.000000</td>\n",
       "      <td>-0.250491</td>\n",
       "      <td>-0.007074</td>\n",
       "      <td>0.000295</td>\n",
       "      <td>-0.005215</td>\n",
       "      <td>0.001929</td>\n",
       "      <td>0.008409</td>\n",
       "      <td>0.043799</td>\n",
       "      <td>-0.020956</td>\n",
       "      <td>-0.005393</td>\n",
       "      <td>-0.000354</td>\n",
       "      <td>-0.015877</td>\n",
       "      <td>0.001731</td>\n",
       "      <td>0.012021</td>\n",
       "      <td>-0.191832</td>\n",
       "    </tr>\n",
       "    <tr>\n",
       "      <th>workingday</th>\n",
       "      <td>-0.008126</td>\n",
       "      <td>-0.250491</td>\n",
       "      <td>1.000000</td>\n",
       "      <td>0.033772</td>\n",
       "      <td>0.029966</td>\n",
       "      <td>0.024660</td>\n",
       "      <td>-0.010880</td>\n",
       "      <td>0.013373</td>\n",
       "      <td>-0.319111</td>\n",
       "      <td>0.119460</td>\n",
       "      <td>0.011594</td>\n",
       "      <td>0.002780</td>\n",
       "      <td>0.009829</td>\n",
       "      <td>-0.003394</td>\n",
       "      <td>-0.002482</td>\n",
       "      <td>-0.704267</td>\n",
       "    </tr>\n",
       "    <tr>\n",
       "      <th>weather</th>\n",
       "      <td>0.008879</td>\n",
       "      <td>-0.007074</td>\n",
       "      <td>0.033772</td>\n",
       "      <td>1.000000</td>\n",
       "      <td>-0.055035</td>\n",
       "      <td>-0.055376</td>\n",
       "      <td>0.406244</td>\n",
       "      <td>0.007261</td>\n",
       "      <td>-0.135918</td>\n",
       "      <td>-0.109340</td>\n",
       "      <td>-0.128655</td>\n",
       "      <td>-0.022740</td>\n",
       "      <td>-0.007890</td>\n",
       "      <td>0.012144</td>\n",
       "      <td>-0.012548</td>\n",
       "      <td>-0.047692</td>\n",
       "    </tr>\n",
       "    <tr>\n",
       "      <th>temp</th>\n",
       "      <td>0.258689</td>\n",
       "      <td>0.000295</td>\n",
       "      <td>0.029966</td>\n",
       "      <td>-0.055035</td>\n",
       "      <td>1.000000</td>\n",
       "      <td>0.984948</td>\n",
       "      <td>-0.064949</td>\n",
       "      <td>-0.017852</td>\n",
       "      <td>0.467097</td>\n",
       "      <td>0.318571</td>\n",
       "      <td>0.394454</td>\n",
       "      <td>0.145430</td>\n",
       "      <td>0.015551</td>\n",
       "      <td>0.257589</td>\n",
       "      <td>0.061226</td>\n",
       "      <td>-0.038466</td>\n",
       "    </tr>\n",
       "    <tr>\n",
       "      <th>atemp</th>\n",
       "      <td>0.264744</td>\n",
       "      <td>-0.005215</td>\n",
       "      <td>0.024660</td>\n",
       "      <td>-0.055376</td>\n",
       "      <td>0.984948</td>\n",
       "      <td>1.000000</td>\n",
       "      <td>-0.043536</td>\n",
       "      <td>-0.057473</td>\n",
       "      <td>0.462067</td>\n",
       "      <td>0.314635</td>\n",
       "      <td>0.389784</td>\n",
       "      <td>0.140343</td>\n",
       "      <td>0.011866</td>\n",
       "      <td>0.264173</td>\n",
       "      <td>0.058540</td>\n",
       "      <td>-0.040235</td>\n",
       "    </tr>\n",
       "    <tr>\n",
       "      <th>humidity</th>\n",
       "      <td>0.190610</td>\n",
       "      <td>0.001929</td>\n",
       "      <td>-0.010880</td>\n",
       "      <td>0.406244</td>\n",
       "      <td>-0.064949</td>\n",
       "      <td>-0.043536</td>\n",
       "      <td>1.000000</td>\n",
       "      <td>-0.318607</td>\n",
       "      <td>-0.348187</td>\n",
       "      <td>-0.265458</td>\n",
       "      <td>-0.317371</td>\n",
       "      <td>-0.278011</td>\n",
       "      <td>-0.011335</td>\n",
       "      <td>0.204537</td>\n",
       "      <td>-0.078606</td>\n",
       "      <td>-0.026507</td>\n",
       "    </tr>\n",
       "    <tr>\n",
       "      <th>windspeed</th>\n",
       "      <td>-0.147121</td>\n",
       "      <td>0.008409</td>\n",
       "      <td>0.013373</td>\n",
       "      <td>0.007261</td>\n",
       "      <td>-0.017852</td>\n",
       "      <td>-0.057473</td>\n",
       "      <td>-0.318607</td>\n",
       "      <td>1.000000</td>\n",
       "      <td>0.092276</td>\n",
       "      <td>0.091052</td>\n",
       "      <td>0.101369</td>\n",
       "      <td>0.146631</td>\n",
       "      <td>0.036157</td>\n",
       "      <td>-0.150192</td>\n",
       "      <td>-0.015221</td>\n",
       "      <td>-0.024804</td>\n",
       "    </tr>\n",
       "    <tr>\n",
       "      <th>casual</th>\n",
       "      <td>0.096758</td>\n",
       "      <td>0.043799</td>\n",
       "      <td>-0.319111</td>\n",
       "      <td>-0.135918</td>\n",
       "      <td>0.467097</td>\n",
       "      <td>0.462067</td>\n",
       "      <td>-0.348187</td>\n",
       "      <td>0.092276</td>\n",
       "      <td>1.000000</td>\n",
       "      <td>0.497250</td>\n",
       "      <td>0.690414</td>\n",
       "      <td>0.302045</td>\n",
       "      <td>0.014109</td>\n",
       "      <td>0.092722</td>\n",
       "      <td>0.145241</td>\n",
       "      <td>0.246959</td>\n",
       "    </tr>\n",
       "    <tr>\n",
       "      <th>registered</th>\n",
       "      <td>0.164011</td>\n",
       "      <td>-0.020956</td>\n",
       "      <td>0.119460</td>\n",
       "      <td>-0.109340</td>\n",
       "      <td>0.318571</td>\n",
       "      <td>0.314635</td>\n",
       "      <td>-0.265458</td>\n",
       "      <td>0.091052</td>\n",
       "      <td>0.497250</td>\n",
       "      <td>1.000000</td>\n",
       "      <td>0.970948</td>\n",
       "      <td>0.380540</td>\n",
       "      <td>0.019111</td>\n",
       "      <td>0.169451</td>\n",
       "      <td>0.264265</td>\n",
       "      <td>-0.084427</td>\n",
       "    </tr>\n",
       "    <tr>\n",
       "      <th>count</th>\n",
       "      <td>0.163439</td>\n",
       "      <td>-0.005393</td>\n",
       "      <td>0.011594</td>\n",
       "      <td>-0.128655</td>\n",
       "      <td>0.394454</td>\n",
       "      <td>0.389784</td>\n",
       "      <td>-0.317371</td>\n",
       "      <td>0.101369</td>\n",
       "      <td>0.690414</td>\n",
       "      <td>0.970948</td>\n",
       "      <td>1.000000</td>\n",
       "      <td>0.400601</td>\n",
       "      <td>0.019826</td>\n",
       "      <td>0.166862</td>\n",
       "      <td>0.260403</td>\n",
       "      <td>-0.002283</td>\n",
       "    </tr>\n",
       "    <tr>\n",
       "      <th>hour</th>\n",
       "      <td>-0.006546</td>\n",
       "      <td>-0.000354</td>\n",
       "      <td>0.002780</td>\n",
       "      <td>-0.022740</td>\n",
       "      <td>0.145430</td>\n",
       "      <td>0.140343</td>\n",
       "      <td>-0.278011</td>\n",
       "      <td>0.146631</td>\n",
       "      <td>0.302045</td>\n",
       "      <td>0.380540</td>\n",
       "      <td>0.400601</td>\n",
       "      <td>1.000000</td>\n",
       "      <td>0.001132</td>\n",
       "      <td>-0.006818</td>\n",
       "      <td>-0.004234</td>\n",
       "      <td>-0.002925</td>\n",
       "    </tr>\n",
       "    <tr>\n",
       "      <th>day</th>\n",
       "      <td>0.001729</td>\n",
       "      <td>-0.015877</td>\n",
       "      <td>0.009829</td>\n",
       "      <td>-0.007890</td>\n",
       "      <td>0.015551</td>\n",
       "      <td>0.011866</td>\n",
       "      <td>-0.011335</td>\n",
       "      <td>0.036157</td>\n",
       "      <td>0.014109</td>\n",
       "      <td>0.019111</td>\n",
       "      <td>0.019826</td>\n",
       "      <td>0.001132</td>\n",
       "      <td>1.000000</td>\n",
       "      <td>0.001974</td>\n",
       "      <td>0.001800</td>\n",
       "      <td>-0.011070</td>\n",
       "    </tr>\n",
       "    <tr>\n",
       "      <th>month</th>\n",
       "      <td>0.971524</td>\n",
       "      <td>0.001731</td>\n",
       "      <td>-0.003394</td>\n",
       "      <td>0.012144</td>\n",
       "      <td>0.257589</td>\n",
       "      <td>0.264173</td>\n",
       "      <td>0.204537</td>\n",
       "      <td>-0.150192</td>\n",
       "      <td>0.092722</td>\n",
       "      <td>0.169451</td>\n",
       "      <td>0.166862</td>\n",
       "      <td>-0.006818</td>\n",
       "      <td>0.001974</td>\n",
       "      <td>1.000000</td>\n",
       "      <td>-0.004932</td>\n",
       "      <td>-0.002266</td>\n",
       "    </tr>\n",
       "    <tr>\n",
       "      <th>year</th>\n",
       "      <td>-0.004797</td>\n",
       "      <td>0.012021</td>\n",
       "      <td>-0.002482</td>\n",
       "      <td>-0.012548</td>\n",
       "      <td>0.061226</td>\n",
       "      <td>0.058540</td>\n",
       "      <td>-0.078606</td>\n",
       "      <td>-0.015221</td>\n",
       "      <td>0.145241</td>\n",
       "      <td>0.264265</td>\n",
       "      <td>0.260403</td>\n",
       "      <td>-0.004234</td>\n",
       "      <td>0.001800</td>\n",
       "      <td>-0.004932</td>\n",
       "      <td>1.000000</td>\n",
       "      <td>-0.003785</td>\n",
       "    </tr>\n",
       "    <tr>\n",
       "      <th>weekday</th>\n",
       "      <td>-0.010553</td>\n",
       "      <td>-0.191832</td>\n",
       "      <td>-0.704267</td>\n",
       "      <td>-0.047692</td>\n",
       "      <td>-0.038466</td>\n",
       "      <td>-0.040235</td>\n",
       "      <td>-0.026507</td>\n",
       "      <td>-0.024804</td>\n",
       "      <td>0.246959</td>\n",
       "      <td>-0.084427</td>\n",
       "      <td>-0.002283</td>\n",
       "      <td>-0.002925</td>\n",
       "      <td>-0.011070</td>\n",
       "      <td>-0.002266</td>\n",
       "      <td>-0.003785</td>\n",
       "      <td>1.000000</td>\n",
       "    </tr>\n",
       "  </tbody>\n",
       "</table>\n",
       "</div>"
      ],
      "text/plain": [
       "              season   holiday  workingday   weather      temp     atemp  \\\n",
       "season      1.000000  0.029368   -0.008126  0.008879  0.258689  0.264744   \n",
       "holiday     0.029368  1.000000   -0.250491 -0.007074  0.000295 -0.005215   \n",
       "workingday -0.008126 -0.250491    1.000000  0.033772  0.029966  0.024660   \n",
       "weather     0.008879 -0.007074    0.033772  1.000000 -0.055035 -0.055376   \n",
       "temp        0.258689  0.000295    0.029966 -0.055035  1.000000  0.984948   \n",
       "atemp       0.264744 -0.005215    0.024660 -0.055376  0.984948  1.000000   \n",
       "humidity    0.190610  0.001929   -0.010880  0.406244 -0.064949 -0.043536   \n",
       "windspeed  -0.147121  0.008409    0.013373  0.007261 -0.017852 -0.057473   \n",
       "casual      0.096758  0.043799   -0.319111 -0.135918  0.467097  0.462067   \n",
       "registered  0.164011 -0.020956    0.119460 -0.109340  0.318571  0.314635   \n",
       "count       0.163439 -0.005393    0.011594 -0.128655  0.394454  0.389784   \n",
       "hour       -0.006546 -0.000354    0.002780 -0.022740  0.145430  0.140343   \n",
       "day         0.001729 -0.015877    0.009829 -0.007890  0.015551  0.011866   \n",
       "month       0.971524  0.001731   -0.003394  0.012144  0.257589  0.264173   \n",
       "year       -0.004797  0.012021   -0.002482 -0.012548  0.061226  0.058540   \n",
       "weekday    -0.010553 -0.191832   -0.704267 -0.047692 -0.038466 -0.040235   \n",
       "\n",
       "            humidity  windspeed    casual  registered     count      hour  \\\n",
       "season      0.190610  -0.147121  0.096758    0.164011  0.163439 -0.006546   \n",
       "holiday     0.001929   0.008409  0.043799   -0.020956 -0.005393 -0.000354   \n",
       "workingday -0.010880   0.013373 -0.319111    0.119460  0.011594  0.002780   \n",
       "weather     0.406244   0.007261 -0.135918   -0.109340 -0.128655 -0.022740   \n",
       "temp       -0.064949  -0.017852  0.467097    0.318571  0.394454  0.145430   \n",
       "atemp      -0.043536  -0.057473  0.462067    0.314635  0.389784  0.140343   \n",
       "humidity    1.000000  -0.318607 -0.348187   -0.265458 -0.317371 -0.278011   \n",
       "windspeed  -0.318607   1.000000  0.092276    0.091052  0.101369  0.146631   \n",
       "casual     -0.348187   0.092276  1.000000    0.497250  0.690414  0.302045   \n",
       "registered -0.265458   0.091052  0.497250    1.000000  0.970948  0.380540   \n",
       "count      -0.317371   0.101369  0.690414    0.970948  1.000000  0.400601   \n",
       "hour       -0.278011   0.146631  0.302045    0.380540  0.400601  1.000000   \n",
       "day        -0.011335   0.036157  0.014109    0.019111  0.019826  0.001132   \n",
       "month       0.204537  -0.150192  0.092722    0.169451  0.166862 -0.006818   \n",
       "year       -0.078606  -0.015221  0.145241    0.264265  0.260403 -0.004234   \n",
       "weekday    -0.026507  -0.024804  0.246959   -0.084427 -0.002283 -0.002925   \n",
       "\n",
       "                 day     month      year   weekday  \n",
       "season      0.001729  0.971524 -0.004797 -0.010553  \n",
       "holiday    -0.015877  0.001731  0.012021 -0.191832  \n",
       "workingday  0.009829 -0.003394 -0.002482 -0.704267  \n",
       "weather    -0.007890  0.012144 -0.012548 -0.047692  \n",
       "temp        0.015551  0.257589  0.061226 -0.038466  \n",
       "atemp       0.011866  0.264173  0.058540 -0.040235  \n",
       "humidity   -0.011335  0.204537 -0.078606 -0.026507  \n",
       "windspeed   0.036157 -0.150192 -0.015221 -0.024804  \n",
       "casual      0.014109  0.092722  0.145241  0.246959  \n",
       "registered  0.019111  0.169451  0.264265 -0.084427  \n",
       "count       0.019826  0.166862  0.260403 -0.002283  \n",
       "hour        0.001132 -0.006818 -0.004234 -0.002925  \n",
       "day         1.000000  0.001974  0.001800 -0.011070  \n",
       "month       0.001974  1.000000 -0.004932 -0.002266  \n",
       "year        0.001800 -0.004932  1.000000 -0.003785  \n",
       "weekday    -0.011070 -0.002266 -0.003785  1.000000  "
      ]
     },
     "execution_count": 179,
     "metadata": {},
     "output_type": "execute_result"
    }
   ],
   "source": [
    "train.corr()"
   ]
  },
  {
   "cell_type": "code",
   "execution_count": 180,
   "metadata": {
    "collapsed": false
   },
   "outputs": [
    {
     "data": {
      "text/plain": [
       "<matplotlib.axes._subplots.AxesSubplot at 0x115e49da0>"
      ]
     },
     "execution_count": 180,
     "metadata": {},
     "output_type": "execute_result"
    },
    {
     "data": {
